DATASET_NAME: FICO
ENSEMBLE: RF
NB_TREES: 50
NB_FEATURES: 17
NB_CLASSES: 2
MAX_TREE_DEPTH: 3
Format: node / node type (LN - leave node, IN - internal node) left child / right child / feature / threshold / node_depth / majority class (starts with index 0)

[TREE 0]
NB_NODES: 15
0 IN 1 8 8 0.500000 4 0
1 IN 2 5 13 0.500000 3 0
2 IN 3 4 12 0.500000 2 0
3 LN -1 -1 -1 -1.000000 1 0
4 LN -1 -1 -1 -1.000000 1 0
5 IN 6 7 12 0.500000 2 1
6 LN -1 -1 -1 -1.000000 1 0
7 LN -1 -1 -1 -1.000000 1 1
8 IN 9 12 1 0.500000 3 1
9 IN 10 11 5 0.500000 2 0
10 LN -1 -1 -1 -1.000000 1 0
11 LN -1 -1 -1 -1.000000 1 0
12 IN 13 14 16 0.500000 2 1
13 LN -1 -1 -1 -1.000000 1 1
14 LN -1 -1 -1 -1.000000 1 1

[TREE 1]
NB_NODES: 15
0 IN 1 8 15 0.500000 4 0
1 IN 2 5 2 0.500000 3 0
2 IN 3 4 6 0.500000 2 0
3 LN -1 -1 -1 -1.000000 1 0
4 LN -1 -1 -1 -1.000000 1 0
5 IN 6 7 14 0.500000 2 0
6 LN -1 -1 -1 -1.000000 1 0
7 LN -1 -1 -1 -1.000000 1 0
8 IN 9 12 14 0.500000 3 1
9 IN 10 11 2 0.500000 2 0
10 LN -1 -1 -1 -1.000000 1 0
11 LN -1 -1 -1 -1.000000 1 0
12 IN 13 14 9 0.500000 2 1
13 LN -1 -1 -1 -1.000000 1 0
14 LN -1 -1 -1 -1.000000 1 1

[TREE 2]
NB_NODES: 15
0 IN 1 8 2 0.500000 4 0
1 IN 2 5 3 0.500000 3 0
2 IN 3 4 5 0.500000 2 0
3 LN -1 -1 -1 -1.000000 1 0
4 LN -1 -1 -1 -1.000000 1 0
5 IN 6 7 13 0.500000 2 0
6 LN -1 -1 -1 -1.000000 1 0
7 LN -1 -1 -1 -1.000000 1 1
8 IN 9 12 12 0.500000 3 1
9 IN 10 11 13 0.500000 2 0
10 LN -1 -1 -1 -1.000000 1 0
11 LN -1 -1 -1 -1.000000 1 1
12 IN 13 14 0 0.500000 2 1
13 LN -1 -1 -1 -1.000000 1 1
14 LN -1 -1 -1 -1.000000 1 1

[TREE 3]
NB_NODES: 15
0 IN 1 8 12 0.500000 4 0
1 IN 2 5 0 0.500000 3 0
2 IN 3 4 2 0.500000 2 0
3 LN -1 -1 -1 -1.000000 1 0
4 LN -1 -1 -1 -1.000000 1 0
5 IN 6 7 3 0.500000 2 1
6 LN -1 -1 -1 -1.000000 1 1
7 LN -1 -1 -1 -1.000000 1 1
8 IN 9 12 0 0.500000 3 1
9 IN 10 11 9 0.500000 2 0
10 LN -1 -1 -1 -1.000000 1 0
11 LN -1 -1 -1 -1.000000 1 1
12 IN 13 14 3 0.500000 2 1
13 LN -1 -1 -1 -1.000000 1 1
14 LN -1 -1 -1 -1.000000 1 1

[TREE 4]
NB_NODES: 15
0 IN 1 8 14 0.500000 4 0
1 IN 2 5 0 0.500000 3 0
2 IN 3 4 1 0.500000 2 0
3 LN -1 -1 -1 -1.000000 1 0
4 LN -1 -1 -1 -1.000000 1 0
5 IN 6 7 12 0.500000 2 1
6 LN -1 -1 -1 -1.000000 1 1
7 LN -1 -1 -1 -1.000000 1 1
8 IN 9 12 0 0.500000 3 1
9 IN 10 11 5 0.500000 2 0
10 LN -1 -1 -1 -1.000000 1 0
11 LN -1 -1 -1 -1.000000 1 0
12 IN 13 14 7 0.500000 2 1
13 LN -1 -1 -1 -1.000000 1 1
14 LN -1 -1 -1 -1.000000 1 1

[TREE 5]
NB_NODES: 15
0 IN 1 8 1 0.500000 4 0
1 IN 2 5 12 0.500000 3 0
2 IN 3 4 4 0.500000 2 0
3 LN -1 -1 -1 -1.000000 1 0
4 LN -1 -1 -1 -1.000000 1 0
5 IN 6 7 2 0.500000 2 0
6 LN -1 -1 -1 -1.000000 1 0
7 LN -1 -1 -1 -1.000000 1 0
8 IN 9 12 12 0.500000 3 1
9 IN 10 11 13 0.500000 2 1
10 LN -1 -1 -1 -1.000000 1 1
11 LN -1 -1 -1 -1.000000 1 1
12 IN 13 14 0 0.500000 2 1
13 LN -1 -1 -1 -1.000000 1 1
14 LN -1 -1 -1 -1.000000 1 1

[TREE 6]
NB_NODES: 15
0 IN 1 8 1 0.500000 4 0
1 IN 2 5 2 0.500000 3 0
2 IN 3 4 16 0.500000 2 0
3 LN -1 -1 -1 -1.000000 1 0
4 LN -1 -1 -1 -1.000000 1 0
5 IN 6 7 12 0.500000 2 0
6 LN -1 -1 -1 -1.000000 1 0
7 LN -1 -1 -1 -1.000000 1 0
8 IN 9 12 14 0.500000 3 1
9 IN 10 11 0 0.500000 2 0
10 LN -1 -1 -1 -1.000000 1 0
11 LN -1 -1 -1 -1.000000 1 1
12 IN 13 14 5 0.500000 2 1
13 LN -1 -1 -1 -1.000000 1 0
14 LN -1 -1 -1 -1.000000 1 1

[TREE 7]
NB_NODES: 15
0 IN 1 8 0 0.500000 4 0
1 IN 2 5 15 0.500000 3 0
2 IN 3 4 16 0.500000 2 0
3 LN -1 -1 -1 -1.000000 1 0
4 LN -1 -1 -1 -1.000000 1 0
5 IN 6 7 1 0.500000 2 0
6 LN -1 -1 -1 -1.000000 1 0
7 LN -1 -1 -1 -1.000000 1 1
8 IN 9 12 8 0.500000 3 1
9 IN 10 11 9 0.500000 2 1
10 LN -1 -1 -1 -1.000000 1 0
11 LN -1 -1 -1 -1.000000 1 1
12 IN 13 14 10 0.500000 2 1
13 LN -1 -1 -1 -1.000000 1 1
14 LN -1 -1 -1 -1.000000 1 1

[TREE 8]
NB_NODES: 15
0 IN 1 8 9 0.500000 4 0
1 IN 2 5 2 0.500000 3 0
2 IN 3 4 10 0.500000 2 0
3 LN -1 -1 -1 -1.000000 1 0
4 LN -1 -1 -1 -1.000000 1 0
5 IN 6 7 5 0.500000 2 0
6 LN -1 -1 -1 -1.000000 1 0
7 LN -1 -1 -1 -1.000000 1 0
8 IN 9 12 0 0.500000 3 1
9 IN 10 11 1 0.500000 2 0
10 LN -1 -1 -1 -1.000000 1 0
11 LN -1 -1 -1 -1.000000 1 1
12 IN 13 14 4 0.500000 2 1
13 LN -1 -1 -1 -1.000000 1 1
14 LN -1 -1 -1 -1.000000 1 1

[TREE 9]
NB_NODES: 15
0 IN 1 8 12 0.500000 4 0
1 IN 2 5 1 0.500000 3 0
2 IN 3 4 2 0.500000 2 0
3 LN -1 -1 -1 -1.000000 1 0
4 LN -1 -1 -1 -1.000000 1 0
5 IN 6 7 4 0.500000 2 1
6 LN -1 -1 -1 -1.000000 1 1
7 LN -1 -1 -1 -1.000000 1 1
8 IN 9 12 0 0.500000 3 1
9 IN 10 11 2 0.500000 2 0
10 LN -1 -1 -1 -1.000000 1 0
11 LN -1 -1 -1 -1.000000 1 1
12 IN 13 14 15 0.500000 2 1
13 LN -1 -1 -1 -1.000000 1 1
14 LN -1 -1 -1 -1.000000 1 1

[TREE 10]
NB_NODES: 15
0 IN 1 8 8 0.500000 4 0
1 IN 2 5 13 0.500000 3 0
2 IN 3 4 5 0.500000 2 0
3 LN -1 -1 -1 -1.000000 1 0
4 LN -1 -1 -1 -1.000000 1 0
5 IN 6 7 9 0.500000 2 1
6 LN -1 -1 -1 -1.000000 1 0
7 LN -1 -1 -1 -1.000000 1 1
8 IN 9 12 0 0.500000 3 1
9 IN 10 11 6 0.500000 2 0
10 LN -1 -1 -1 -1.000000 1 0
11 LN -1 -1 -1 -1.000000 1 1
12 IN 13 14 12 0.500000 2 1
13 LN -1 -1 -1 -1.000000 1 1
14 LN -1 -1 -1 -1.000000 1 1

[TREE 11]
NB_NODES: 15
0 IN 1 8 12 0.500000 4 0
1 IN 2 5 2 0.500000 3 0
2 IN 3 4 10 0.500000 2 0
3 LN -1 -1 -1 -1.000000 1 0
4 LN -1 -1 -1 -1.000000 1 0
5 IN 6 7 14 0.500000 2 0
6 LN -1 -1 -1 -1.000000 1 0
7 LN -1 -1 -1 -1.000000 1 1
8 IN 9 12 14 0.500000 3 1
9 IN 10 11 1 0.500000 2 0
10 LN -1 -1 -1 -1.000000 1 0
11 LN -1 -1 -1 -1.000000 1 1
12 IN 13 14 10 0.500000 2 1
13 LN -1 -1 -1 -1.000000 1 1
14 LN -1 -1 -1 -1.000000 1 1

[TREE 12]
NB_NODES: 15
0 IN 1 8 16 0.500000 4 0
1 IN 2 5 1 0.500000 3 0
2 IN 3 4 2 0.500000 2 0
3 LN -1 -1 -1 -1.000000 1 0
4 LN -1 -1 -1 -1.000000 1 0
5 IN 6 7 0 0.500000 2 1
6 LN -1 -1 -1 -1.000000 1 0
7 LN -1 -1 -1 -1.000000 1 1
8 IN 9 12 12 0.500000 3 1
9 IN 10 11 2 0.500000 2 1
10 LN -1 -1 -1 -1.000000 1 0
11 LN -1 -1 -1 -1.000000 1 1
12 IN 13 14 8 0.500000 2 1
13 LN -1 -1 -1 -1.000000 1 1
14 LN -1 -1 -1 -1.000000 1 1

[TREE 13]
NB_NODES: 15
0 IN 1 8 1 0.500000 4 0
1 IN 2 5 14 0.500000 3 0
2 IN 3 4 12 0.500000 2 0
3 LN -1 -1 -1 -1.000000 1 0
4 LN -1 -1 -1 -1.000000 1 0
5 IN 6 7 9 0.500000 2 0
6 LN -1 -1 -1 -1.000000 1 0
7 LN -1 -1 -1 -1.000000 1 0
8 IN 9 12 0 0.500000 3 1
9 IN 10 11 10 0.500000 2 1
10 LN -1 -1 -1 -1.000000 1 0
11 LN -1 -1 -1 -1.000000 1 1
12 IN 13 14 4 0.500000 2 1
13 LN -1 -1 -1 -1.000000 1 1
14 LN -1 -1 -1 -1.000000 1 1

[TREE 14]
NB_NODES: 15
0 IN 1 8 2 0.500000 4 0
1 IN 2 5 4 0.500000 3 0
2 IN 3 4 5 0.500000 2 0
3 LN -1 -1 -1 -1.000000 1 0
4 LN -1 -1 -1 -1.000000 1 0
5 IN 6 7 16 0.500000 2 0
6 LN -1 -1 -1 -1.000000 1 0
7 LN -1 -1 -1 -1.000000 1 0
8 IN 9 12 13 0.500000 3 1
9 IN 10 11 1 0.500000 2 0
10 LN -1 -1 -1 -1.000000 1 0
11 LN -1 -1 -1 -1.000000 1 1
12 IN 13 14 9 0.500000 2 1
13 LN -1 -1 -1 -1.000000 1 0
14 LN -1 -1 -1 -1.000000 1 1

[TREE 15]
NB_NODES: 15
0 IN 1 8 13 0.500000 4 0
1 IN 2 5 12 0.500000 3 0
2 IN 3 4 5 0.500000 2 0
3 LN -1 -1 -1 -1.000000 1 0
4 LN -1 -1 -1 -1.000000 1 0
5 IN 6 7 2 0.500000 2 1
6 LN -1 -1 -1 -1.000000 1 0
7 LN -1 -1 -1 -1.000000 1 1
8 IN 9 12 8 0.500000 3 1
9 IN 10 11 15 0.500000 2 0
10 LN -1 -1 -1 -1.000000 1 0
11 LN -1 -1 -1 -1.000000 1 1
12 IN 13 14 12 0.500000 2 1
13 LN -1 -1 -1 -1.000000 1 1
14 LN -1 -1 -1 -1.000000 1 1

[TREE 16]
NB_NODES: 15
0 IN 1 8 9 0.500000 4 0
1 IN 2 5 15 0.500000 3 0
2 IN 3 4 5 0.500000 2 0
3 LN -1 -1 -1 -1.000000 1 0
4 LN -1 -1 -1 -1.000000 1 0
5 IN 6 7 2 0.500000 2 0
6 LN -1 -1 -1 -1.000000 1 0
7 LN -1 -1 -1 -1.000000 1 0
8 IN 9 12 14 0.500000 3 1
9 IN 10 11 12 0.500000 2 0
10 LN -1 -1 -1 -1.000000 1 0
11 LN -1 -1 -1 -1.000000 1 0
12 IN 13 14 3 0.500000 2 1
13 LN -1 -1 -1 -1.000000 1 1
14 LN -1 -1 -1 -1.000000 1 1

[TREE 17]
NB_NODES: 15
0 IN 1 8 13 0.500000 4 0
1 IN 2 5 0 0.500000 3 0
2 IN 3 4 4 0.500000 2 0
3 LN -1 -1 -1 -1.000000 1 0
4 LN -1 -1 -1 -1.000000 1 0
5 IN 6 7 12 0.500000 2 1
6 LN -1 -1 -1 -1.000000 1 1
7 LN -1 -1 -1 -1.000000 1 1
8 IN 9 12 3 0.500000 3 1
9 IN 10 11 0 0.500000 2 1
10 LN -1 -1 -1 -1.000000 1 0
11 LN -1 -1 -1 -1.000000 1 1
12 IN 13 14 0 0.500000 2 1
13 LN -1 -1 -1 -1.000000 1 1
14 LN -1 -1 -1 -1.000000 1 1

[TREE 18]
NB_NODES: 15
0 IN 1 8 13 0.500000 4 0
1 IN 2 5 2 0.500000 3 0
2 IN 3 4 8 0.500000 2 0
3 LN -1 -1 -1 -1.000000 1 0
4 LN -1 -1 -1 -1.000000 1 0
5 IN 6 7 15 0.500000 2 0
6 LN -1 -1 -1 -1.000000 1 0
7 LN -1 -1 -1 -1.000000 1 0
8 IN 9 12 9 0.500000 3 1
9 IN 10 11 3 0.500000 2 0
10 LN -1 -1 -1 -1.000000 1 0
11 LN -1 -1 -1 -1.000000 1 0
12 IN 13 14 15 0.500000 2 1
13 LN -1 -1 -1 -1.000000 1 0
14 LN -1 -1 -1 -1.000000 1 1

[TREE 19]
NB_NODES: 15
0 IN 1 8 1 0.500000 4 0
1 IN 2 5 4 0.500000 3 0
2 IN 3 4 11 0.500000 2 0
3 LN -1 -1 -1 -1.000000 1 0
4 LN -1 -1 -1 -1.000000 1 0
5 IN 6 7 2 0.500000 2 0
6 LN -1 -1 -1 -1.000000 1 0
7 LN -1 -1 -1 -1.000000 1 0
8 IN 9 12 5 0.500000 3 1
9 IN 10 11 9 0.500000 2 0
10 LN -1 -1 -1 -1.000000 1 0
11 LN -1 -1 -1 -1.000000 1 0
12 IN 13 14 12 0.500000 2 1
13 LN -1 -1 -1 -1.000000 1 1
14 LN -1 -1 -1 -1.000000 1 1

[TREE 20]
NB_NODES: 15
0 IN 1 8 14 0.500000 4 0
1 IN 2 5 1 0.500000 3 0
2 IN 3 4 8 0.500000 2 0
3 LN -1 -1 -1 -1.000000 1 0
4 LN -1 -1 -1 -1.000000 1 0
5 IN 6 7 4 0.500000 2 0
6 LN -1 -1 -1 -1.000000 1 0
7 LN -1 -1 -1 -1.000000 1 1
8 IN 9 12 0 0.500000 3 1
9 IN 10 11 12 0.500000 2 0
10 LN -1 -1 -1 -1.000000 1 0
11 LN -1 -1 -1 -1.000000 1 0
12 IN 13 14 8 0.500000 2 1
13 LN -1 -1 -1 -1.000000 1 1
14 LN -1 -1 -1 -1.000000 1 1

[TREE 21]
NB_NODES: 15
0 IN 1 8 13 0.500000 4 0
1 IN 2 5 1 0.500000 3 0
2 IN 3 4 16 0.500000 2 0
3 LN -1 -1 -1 -1.000000 1 0
4 LN -1 -1 -1 -1.000000 1 0
5 IN 6 7 12 0.500000 2 1
6 LN -1 -1 -1 -1.000000 1 0
7 LN -1 -1 -1 -1.000000 1 1
8 IN 9 12 8 0.500000 3 1
9 IN 10 11 12 0.500000 2 0
10 LN -1 -1 -1 -1.000000 1 0
11 LN -1 -1 -1 -1.000000 1 1
12 IN 13 14 0 0.500000 2 1
13 LN -1 -1 -1 -1.000000 1 1
14 LN -1 -1 -1 -1.000000 1 1

[TREE 22]
NB_NODES: 15
0 IN 1 8 0 0.500000 4 0
1 IN 2 5 14 0.500000 3 0
2 IN 3 4 8 0.500000 2 0
3 LN -1 -1 -1 -1.000000 1 0
4 LN -1 -1 -1 -1.000000 1 0
5 IN 6 7 1 0.500000 2 0
6 LN -1 -1 -1 -1.000000 1 0
7 LN -1 -1 -1 -1.000000 1 1
8 IN 9 12 3 0.500000 3 1
9 IN 10 11 14 0.500000 2 1
10 LN -1 -1 -1 -1.000000 1 1
11 LN -1 -1 -1 -1.000000 1 1
12 IN 13 14 15 0.500000 2 1
13 LN -1 -1 -1 -1.000000 1 1
14 LN -1 -1 -1 -1.000000 1 1

[TREE 23]
NB_NODES: 15
0 IN 1 8 0 0.500000 4 0
1 IN 2 5 12 0.500000 3 0
2 IN 3 4 1 0.500000 2 0
3 LN -1 -1 -1 -1.000000 1 0
4 LN -1 -1 -1 -1.000000 1 0
5 IN 6 7 7 0.500000 2 0
6 LN -1 -1 -1 -1.000000 1 0
7 LN -1 -1 -1 -1.000000 1 1
8 IN 9 12 15 0.500000 3 1
9 IN 10 11 9 0.500000 2 0
10 LN -1 -1 -1 -1.000000 1 0
11 LN -1 -1 -1 -1.000000 1 0
12 IN 13 14 16 0.500000 2 1
13 LN -1 -1 -1 -1.000000 1 1
14 LN -1 -1 -1 -1.000000 1 1

[TREE 24]
NB_NODES: 15
0 IN 1 8 12 0.500000 4 0
1 IN 2 5 2 0.500000 3 0
2 IN 3 4 16 0.500000 2 0
3 LN -1 -1 -1 -1.000000 1 0
4 LN -1 -1 -1 -1.000000 1 0
5 IN 6 7 14 0.500000 2 0
6 LN -1 -1 -1 -1.000000 1 0
7 LN -1 -1 -1 -1.000000 1 1
8 IN 9 12 2 0.500000 3 1
9 IN 10 11 16 0.500000 2 0
10 LN -1 -1 -1 -1.000000 1 0
11 LN -1 -1 -1 -1.000000 1 0
12 IN 13 14 10 0.500000 2 1
13 LN -1 -1 -1 -1.000000 1 1
14 LN -1 -1 -1 -1.000000 1 1

[TREE 25]
NB_NODES: 15
0 IN 1 8 7 0.500000 4 0
1 IN 2 5 13 0.500000 3 0
2 IN 3 4 1 0.500000 2 0
3 LN -1 -1 -1 -1.000000 1 0
4 LN -1 -1 -1 -1.000000 1 0
5 IN 6 7 9 0.500000 2 1
6 LN -1 -1 -1 -1.000000 1 0
7 LN -1 -1 -1 -1.000000 1 1
8 IN 9 12 14 0.500000 3 1
9 IN 10 11 2 0.500000 2 0
10 LN -1 -1 -1 -1.000000 1 0
11 LN -1 -1 -1 -1.000000 1 0
12 IN 13 14 10 0.500000 2 1
13 LN -1 -1 -1 -1.000000 1 1
14 LN -1 -1 -1 -1.000000 1 1

[TREE 26]
NB_NODES: 15
0 IN 1 8 16 0.500000 4 0
1 IN 2 5 0 0.500000 3 0
2 IN 3 4 2 0.500000 2 0
3 LN -1 -1 -1 -1.000000 1 0
4 LN -1 -1 -1 -1.000000 1 0
5 IN 6 7 12 0.500000 2 1
6 LN -1 -1 -1 -1.000000 1 1
7 LN -1 -1 -1 -1.000000 1 1
8 IN 9 12 2 0.500000 3 1
9 IN 10 11 4 0.500000 2 0
10 LN -1 -1 -1 -1.000000 1 0
11 LN -1 -1 -1 -1.000000 1 0
12 IN 13 14 8 0.500000 2 1
13 LN -1 -1 -1 -1.000000 1 1
14 LN -1 -1 -1 -1.000000 1 1

[TREE 27]
NB_NODES: 15
0 IN 1 8 14 0.500000 4 0
1 IN 2 5 12 0.500000 3 0
2 IN 3 4 1 0.500000 2 0
3 LN -1 -1 -1 -1.000000 1 0
4 LN -1 -1 -1 -1.000000 1 0
5 IN 6 7 2 0.500000 2 0
6 LN -1 -1 -1 -1.000000 1 0
7 LN -1 -1 -1 -1.000000 1 1
8 IN 9 12 1 0.500000 3 1
9 IN 10 11 5 0.500000 2 0
10 LN -1 -1 -1 -1.000000 1 0
11 LN -1 -1 -1 -1.000000 1 0
12 IN 13 14 0 0.500000 2 1
13 LN -1 -1 -1 -1.000000 1 1
14 LN -1 -1 -1 -1.000000 1 1

[TREE 28]
NB_NODES: 15
0 IN 1 8 1 0.500000 4 0
1 IN 2 5 2 0.500000 3 0
2 IN 3 4 16 0.500000 2 0
3 LN -1 -1 -1 -1.000000 1 0
4 LN -1 -1 -1 -1.000000 1 0
5 IN 6 7 6 0.500000 2 0
6 LN -1 -1 -1 -1.000000 1 0
7 LN -1 -1 -1 -1.000000 1 0
8 IN 9 12 4 0.500000 3 1
9 IN 10 11 0 0.500000 2 1
10 LN -1 -1 -1 -1.000000 1 0
11 LN -1 -1 -1 -1.000000 1 1
12 IN 13 14 8 0.500000 2 1
13 LN -1 -1 -1 -1.000000 1 1
14 LN -1 -1 -1 -1.000000 1 1

[TREE 29]
NB_NODES: 15
0 IN 1 8 1 0.500000 4 0
1 IN 2 5 2 0.500000 3 0
2 IN 3 4 4 0.500000 2 0
3 LN -1 -1 -1 -1.000000 1 0
4 LN -1 -1 -1 -1.000000 1 0
5 IN 6 7 5 0.500000 2 0
6 LN -1 -1 -1 -1.000000 1 0
7 LN -1 -1 -1 -1.000000 1 0
8 IN 9 12 8 0.500000 3 1
9 IN 10 11 4 0.500000 2 1
10 LN -1 -1 -1 -1.000000 1 0
11 LN -1 -1 -1 -1.000000 1 1
12 IN 13 14 12 0.500000 2 1
13 LN -1 -1 -1 -1.000000 1 1
14 LN -1 -1 -1 -1.000000 1 1

[TREE 30]
NB_NODES: 15
0 IN 1 8 0 0.500000 4 0
1 IN 2 5 9 0.500000 3 0
2 IN 3 4 12 0.500000 2 0
3 LN -1 -1 -1 -1.000000 1 0
4 LN -1 -1 -1 -1.000000 1 0
5 IN 6 7 14 0.500000 2 0
6 LN -1 -1 -1 -1.000000 1 0
7 LN -1 -1 -1 -1.000000 1 0
8 IN 9 12 13 0.500000 3 1
9 IN 10 11 4 0.500000 2 1
10 LN -1 -1 -1 -1.000000 1 1
11 LN -1 -1 -1 -1.000000 1 1
12 IN 13 14 9 0.500000 2 1
13 LN -1 -1 -1 -1.000000 1 0
14 LN -1 -1 -1 -1.000000 1 1

[TREE 31]
NB_NODES: 15
0 IN 1 8 14 0.500000 4 0
1 IN 2 5 2 0.500000 3 0
2 IN 3 4 4 0.500000 2 0
3 LN -1 -1 -1 -1.000000 1 0
4 LN -1 -1 -1 -1.000000 1 0
5 IN 6 7 12 0.500000 2 0
6 LN -1 -1 -1 -1.000000 1 0
7 LN -1 -1 -1 -1.000000 1 1
8 IN 9 12 0 0.500000 3 1
9 IN 10 11 1 0.500000 2 0
10 LN -1 -1 -1 -1.000000 1 0
11 LN -1 -1 -1 -1.000000 1 1
12 IN 13 14 12 0.500000 2 1
13 LN -1 -1 -1 -1.000000 1 1
14 LN -1 -1 -1 -1.000000 1 1

[TREE 32]
NB_NODES: 15
0 IN 1 8 1 0.500000 4 0
1 IN 2 5 2 0.500000 3 0
2 IN 3 4 12 0.500000 2 0
3 LN -1 -1 -1 -1.000000 1 0
4 LN -1 -1 -1 -1.000000 1 0
5 IN 6 7 12 0.500000 2 0
6 LN -1 -1 -1 -1.000000 1 0
7 LN -1 -1 -1 -1.000000 1 0
8 IN 9 12 0 0.500000 3 1
9 IN 10 11 7 0.500000 2 1
10 LN -1 -1 -1 -1.000000 1 0
11 LN -1 -1 -1 -1.000000 1 1
12 IN 13 14 15 0.500000 2 1
13 LN -1 -1 -1 -1.000000 1 1
14 LN -1 -1 -1 -1.000000 1 1

[TREE 33]
NB_NODES: 15
0 IN 1 8 1 0.500000 4 0
1 IN 2 5 13 0.500000 3 0
2 IN 3 4 2 0.500000 2 0
3 LN -1 -1 -1 -1.000000 1 0
4 LN -1 -1 -1 -1.000000 1 0
5 IN 6 7 15 0.500000 2 0
6 LN -1 -1 -1 -1.000000 1 0
7 LN -1 -1 -1 -1.000000 1 0
8 IN 9 12 4 0.500000 3 1
9 IN 10 11 12 0.500000 2 1
10 LN -1 -1 -1 -1.000000 1 1
11 LN -1 -1 -1 -1.000000 1 1
12 IN 13 14 0 0.500000 2 1
13 LN -1 -1 -1 -1.000000 1 1
14 LN -1 -1 -1 -1.000000 1 1

[TREE 34]
NB_NODES: 15
0 IN 1 8 14 0.500000 4 0
1 IN 2 5 2 0.500000 3 0
2 IN 3 4 3 0.500000 2 0
3 LN -1 -1 -1 -1.000000 1 0
4 LN -1 -1 -1 -1.000000 1 0
5 IN 6 7 12 0.500000 2 0
6 LN -1 -1 -1 -1.000000 1 0
7 LN -1 -1 -1 -1.000000 1 1
8 IN 9 12 7 0.500000 3 1
9 IN 10 11 16 0.500000 2 0
10 LN -1 -1 -1 -1.000000 1 0
11 LN -1 -1 -1 -1.000000 1 1
12 IN 13 14 1 0.500000 2 1
13 LN -1 -1 -1 -1.000000 1 0
14 LN -1 -1 -1 -1.000000 1 1

[TREE 35]
NB_NODES: 15
0 IN 1 8 13 0.500000 4 0
1 IN 2 5 5 0.500000 3 0
2 IN 3 4 2 0.500000 2 0
3 LN -1 -1 -1 -1.000000 1 0
4 LN -1 -1 -1 -1.000000 1 0
5 IN 6 7 1 0.500000 2 0
6 LN -1 -1 -1 -1.000000 1 0
7 LN -1 -1 -1 -1.000000 1 1
8 IN 9 12 15 0.500000 3 1
9 IN 10 11 9 0.500000 2 0
10 LN -1 -1 -1 -1.000000 1 0
11 LN -1 -1 -1 -1.000000 1 0
12 IN 13 14 8 0.500000 2 1
13 LN -1 -1 -1 -1.000000 1 1
14 LN -1 -1 -1 -1.000000 1 1

[TREE 36]
NB_NODES: 15
0 IN 1 8 2 0.500000 4 0
1 IN 2 5 16 0.500000 3 0
2 IN 3 4 4 0.500000 2 0
3 LN -1 -1 -1 -1.000000 1 0
4 LN -1 -1 -1 -1.000000 1 0
5 IN 6 7 15 0.500000 2 0
6 LN -1 -1 -1 -1.000000 1 0
7 LN -1 -1 -1 -1.000000 1 0
8 IN 9 12 0 0.500000 3 1
9 IN 10 11 1 0.500000 2 0
10 LN -1 -1 -1 -1.000000 1 0
11 LN -1 -1 -1 -1.000000 1 0
12 IN 13 14 12 0.500000 2 1
13 LN -1 -1 -1 -1.000000 1 1
14 LN -1 -1 -1 -1.000000 1 1

[TREE 37]
NB_NODES: 15
0 IN 1 8 12 0.500000 4 0
1 IN 2 5 0 0.500000 3 0
2 IN 3 4 14 0.500000 2 0
3 LN -1 -1 -1 -1.000000 1 0
4 LN -1 -1 -1 -1.000000 1 0
5 IN 6 7 4 0.500000 2 1
6 LN -1 -1 -1 -1.000000 1 1
7 LN -1 -1 -1 -1.000000 1 1
8 IN 9 12 13 0.500000 3 1
9 IN 10 11 0 0.500000 2 1
10 LN -1 -1 -1 -1.000000 1 0
11 LN -1 -1 -1 -1.000000 1 1
12 IN 13 14 2 0.500000 2 1
13 LN -1 -1 -1 -1.000000 1 0
14 LN -1 -1 -1 -1.000000 1 1

[TREE 38]
NB_NODES: 15
0 IN 1 8 2 0.500000 4 0
1 IN 2 5 12 0.500000 3 0
2 IN 3 4 10 0.500000 2 0
3 LN -1 -1 -1 -1.000000 1 0
4 LN -1 -1 -1 -1.000000 1 0
5 IN 6 7 15 0.500000 2 0
6 LN -1 -1 -1 -1.000000 1 0
7 LN -1 -1 -1 -1.000000 1 0
8 IN 9 12 9 0.500000 3 1
9 IN 10 11 12 0.500000 2 0
10 LN -1 -1 -1 -1.000000 1 0
11 LN -1 -1 -1 -1.000000 1 0
12 IN 13 14 0 0.500000 2 1
13 LN -1 -1 -1 -1.000000 1 0
14 LN -1 -1 -1 -1.000000 1 1

[TREE 39]
NB_NODES: 15
0 IN 1 8 13 0.500000 4 0
1 IN 2 5 0 0.500000 3 0
2 IN 3 4 4 0.500000 2 0
3 LN -1 -1 -1 -1.000000 1 0
4 LN -1 -1 -1 -1.000000 1 0
5 IN 6 7 5 0.500000 2 1
6 LN -1 -1 -1 -1.000000 1 0
7 LN -1 -1 -1 -1.000000 1 1
8 IN 9 12 1 0.500000 3 1
9 IN 10 11 12 0.500000 2 0
10 LN -1 -1 -1 -1.000000 1 0
11 LN -1 -1 -1 -1.000000 1 1
12 IN 13 14 8 0.500000 2 1
13 LN -1 -1 -1 -1.000000 1 1
14 LN -1 -1 -1 -1.000000 1 1

[TREE 40]
NB_NODES: 15
0 IN 1 8 8 0.500000 4 0
1 IN 2 5 0 0.500000 3 0
2 IN 3 4 2 0.500000 2 0
3 LN -1 -1 -1 -1.000000 1 0
4 LN -1 -1 -1 -1.000000 1 0
5 IN 6 7 3 0.500000 2 1
6 LN -1 -1 -1 -1.000000 1 1
7 LN -1 -1 -1 -1.000000 1 1
8 IN 9 12 1 0.500000 3 1
9 IN 10 11 7 0.500000 2 0
10 LN -1 -1 -1 -1.000000 1 0
11 LN -1 -1 -1 -1.000000 1 0
12 IN 13 14 5 0.500000 2 1
13 LN -1 -1 -1 -1.000000 1 0
14 LN -1 -1 -1 -1.000000 1 1

[TREE 41]
NB_NODES: 15
0 IN 1 8 0 0.500000 4 0
1 IN 2 5 2 0.500000 3 0
2 IN 3 4 10 0.500000 2 0
3 LN -1 -1 -1 -1.000000 1 0
4 LN -1 -1 -1 -1.000000 1 0
5 IN 6 7 4 0.500000 2 0
6 LN -1 -1 -1 -1.000000 1 0
7 LN -1 -1 -1 -1.000000 1 1
8 IN 9 12 15 0.500000 3 1
9 IN 10 11 10 0.500000 2 0
10 LN -1 -1 -1 -1.000000 1 0
11 LN -1 -1 -1 -1.000000 1 0
12 IN 13 14 13 0.500000 2 1
13 LN -1 -1 -1 -1.000000 1 1
14 LN -1 -1 -1 -1.000000 1 1

[TREE 42]
NB_NODES: 15
0 IN 1 8 2 0.500000 4 0
1 IN 2 5 10 0.500000 3 0
2 IN 3 4 4 0.500000 2 0
3 LN -1 -1 -1 -1.000000 1 0
4 LN -1 -1 -1 -1.000000 1 0
5 IN 6 7 16 0.500000 2 0
6 LN -1 -1 -1 -1.000000 1 0
7 LN -1 -1 -1 -1.000000 1 0
8 IN 9 12 16 0.500000 3 1
9 IN 10 11 0 0.500000 2 1
10 LN -1 -1 -1 -1.000000 1 0
11 LN -1 -1 -1 -1.000000 1 1
12 IN 13 14 0 0.500000 2 1
13 LN -1 -1 -1 -1.000000 1 1
14 LN -1 -1 -1 -1.000000 1 1

[TREE 43]
NB_NODES: 15
0 IN 1 8 0 0.500000 4 0
1 IN 2 5 2 0.500000 3 0
2 IN 3 4 5 0.500000 2 0
3 LN -1 -1 -1 -1.000000 1 0
4 LN -1 -1 -1 -1.000000 1 0
5 IN 6 7 14 0.500000 2 0
6 LN -1 -1 -1 -1.000000 1 0
7 LN -1 -1 -1 -1.000000 1 0
8 IN 9 12 13 0.500000 3 1
9 IN 10 11 12 0.500000 2 1
10 LN -1 -1 -1 -1.000000 1 1
11 LN -1 -1 -1 -1.000000 1 1
12 IN 13 14 12 0.500000 2 1
13 LN -1 -1 -1 -1.000000 1 1
14 LN -1 -1 -1 -1.000000 1 1

[TREE 44]
NB_NODES: 15
0 IN 1 8 0 0.500000 4 0
1 IN 2 5 2 0.500000 3 0
2 IN 3 4 13 0.500000 2 0
3 LN -1 -1 -1 -1.000000 1 0
4 LN -1 -1 -1 -1.000000 1 0
5 IN 6 7 3 0.500000 2 0
6 LN -1 -1 -1 -1.000000 1 0
7 LN -1 -1 -1 -1.000000 1 0
8 IN 9 12 12 0.500000 3 1
9 IN 10 11 5 0.500000 2 1
10 LN -1 -1 -1 -1.000000 1 0
11 LN -1 -1 -1 -1.000000 1 1
12 IN 13 14 14 0.500000 2 1
13 LN -1 -1 -1 -1.000000 1 1
14 LN -1 -1 -1 -1.000000 1 1

[TREE 45]
NB_NODES: 15
0 IN 1 8 14 0.500000 4 0
1 IN 2 5 1 0.500000 3 0
2 IN 3 4 3 0.500000 2 0
3 LN -1 -1 -1 -1.000000 1 0
4 LN -1 -1 -1 -1.000000 1 0
5 IN 6 7 4 0.500000 2 0
6 LN -1 -1 -1 -1.000000 1 0
7 LN -1 -1 -1 -1.000000 1 1
8 IN 9 12 2 0.500000 3 1
9 IN 10 11 10 0.500000 2 0
10 LN -1 -1 -1 -1.000000 1 0
11 LN -1 -1 -1 -1.000000 1 0
12 IN 13 14 9 0.500000 2 1
13 LN -1 -1 -1 -1.000000 1 0
14 LN -1 -1 -1 -1.000000 1 1

[TREE 46]
NB_NODES: 15
0 IN 1 8 2 0.500000 4 0
1 IN 2 5 16 0.500000 3 0
2 IN 3 4 4 0.500000 2 0
3 LN -1 -1 -1 -1.000000 1 0
4 LN -1 -1 -1 -1.000000 1 0
5 IN 6 7 9 0.500000 2 0
6 LN -1 -1 -1 -1.000000 1 0
7 LN -1 -1 -1 -1.000000 1 1
8 IN 9 12 13 0.500000 3 1
9 IN 10 11 12 0.500000 2 0
10 LN -1 -1 -1 -1.000000 1 0
11 LN -1 -1 -1 -1.000000 1 1
12 IN 13 14 0 0.500000 2 1
13 LN -1 -1 -1 -1.000000 1 0
14 LN -1 -1 -1 -1.000000 1 1

[TREE 47]
NB_NODES: 15
0 IN 1 8 12 0.500000 4 0
1 IN 2 5 14 0.500000 3 0
2 IN 3 4 10 0.500000 2 0
3 LN -1 -1 -1 -1.000000 1 0
4 LN -1 -1 -1 -1.000000 1 0
5 IN 6 7 2 0.500000 2 1
6 LN -1 -1 -1 -1.000000 1 0
7 LN -1 -1 -1 -1.000000 1 1
8 IN 9 12 14 0.500000 3 1
9 IN 10 11 7 0.500000 2 0
10 LN -1 -1 -1 -1.000000 1 0
11 LN -1 -1 -1 -1.000000 1 1
12 IN 13 14 1 0.500000 2 1
13 LN -1 -1 -1 -1.000000 1 0
14 LN -1 -1 -1 -1.000000 1 1

[TREE 48]
NB_NODES: 15
0 IN 1 8 16 0.500000 4 0
1 IN 2 5 2 0.500000 3 0
2 IN 3 4 12 0.500000 2 0
3 LN -1 -1 -1 -1.000000 1 0
4 LN -1 -1 -1 -1.000000 1 0
5 IN 6 7 12 0.500000 2 1
6 LN -1 -1 -1 -1.000000 1 0
7 LN -1 -1 -1 -1.000000 1 1
8 IN 9 12 14 0.500000 3 1
9 IN 10 11 1 0.500000 2 0
10 LN -1 -1 -1 -1.000000 1 0
11 LN -1 -1 -1 -1.000000 1 0
12 IN 13 14 0 0.500000 2 1
13 LN -1 -1 -1 -1.000000 1 0
14 LN -1 -1 -1 -1.000000 1 1

[TREE 49]
NB_NODES: 15
0 IN 1 8 1 0.500000 4 0
1 IN 2 5 12 0.500000 3 0
2 IN 3 4 5 0.500000 2 0
3 LN -1 -1 -1 -1.000000 1 0
4 LN -1 -1 -1 -1.000000 1 0
5 IN 6 7 14 0.500000 2 0
6 LN -1 -1 -1 -1.000000 1 0
7 LN -1 -1 -1 -1.000000 1 0
8 IN 9 12 12 0.500000 3 1
9 IN 10 11 0 0.500000 2 1
10 LN -1 -1 -1 -1.000000 1 0
11 LN -1 -1 -1 -1.000000 1 1
12 IN 13 14 14 0.500000 2 1
13 LN -1 -1 -1 -1.000000 1 1
14 LN -1 -1 -1 -1.000000 1 1

