DATASET_NAME: COMPAS-ProPublica
ENSEMBLE: RF
NB_TREES: 10
NB_FEATURES: 12
NB_CLASSES: 2
MAX_TREE_DEPTH: 3
Format: node / node type (LN - leave node, IN - internal node) left child / right child / feature / threshold / node_depth / majority class (starts with index 0)

[TREE 0]
NB_NODES: 15
0 IN 1 8 11 0.500000 4 0
1 IN 2 5 2 0.500000 3 0
2 IN 3 4 3 0.500000 2 0
3 LN -1 -1 -1 -1.000000 1 0
4 LN -1 -1 -1 -1.000000 1 0
5 IN 6 7 1 0.500000 2 1
6 LN -1 -1 -1 -1.000000 1 0
7 LN -1 -1 -1 -1.000000 1 1
8 IN 9 12 0 0.500000 3 1
9 IN 10 11 3 0.500000 2 1
10 LN -1 -1 -1 -1.000000 1 1
11 LN -1 -1 -1 -1.000000 1 1
12 IN 13 14 4 0.500000 2 1
13 LN -1 -1 -1 -1.000000 1 0
14 LN -1 -1 -1 -1.000000 1 1

[TREE 1]
NB_NODES: 15
0 IN 1 8 3 0.500000 4 0
1 IN 2 5 0 0.500000 3 0
2 IN 3 4 8 0.500000 2 0
3 LN -1 -1 -1 -1.000000 1 1
4 LN -1 -1 -1 -1.000000 1 0
5 IN 6 7 7 0.500000 2 0
6 LN -1 -1 -1 -1.000000 1 1
7 LN -1 -1 -1 -1.000000 1 0
8 IN 9 12 11 0.500000 3 1
9 IN 10 11 0 0.500000 2 1
10 LN -1 -1 -1 -1.000000 1 1
11 LN -1 -1 -1 -1.000000 1 0
12 IN 13 14 7 0.500000 2 1
13 LN -1 -1 -1 -1.000000 1 1
14 LN -1 -1 -1 -1.000000 1 1

[TREE 2]
NB_NODES: 15
0 IN 1 8 11 0.500000 4 0
1 IN 2 5 2 0.500000 3 0
2 IN 3 4 10 0.500000 2 0
3 LN -1 -1 -1 -1.000000 1 0
4 LN -1 -1 -1 -1.000000 1 0
5 IN 6 7 1 0.500000 2 0
6 LN -1 -1 -1 -1.000000 1 0
7 LN -1 -1 -1 -1.000000 1 1
8 IN 9 12 4 0.500000 3 1
9 IN 10 11 6 0.500000 2 1
10 LN -1 -1 -1 -1.000000 1 1
11 LN -1 -1 -1 -1.000000 1 1
12 IN 13 14 2 0.500000 2 1
13 LN -1 -1 -1 -1.000000 1 1
14 LN -1 -1 -1 -1.000000 1 1

[TREE 3]
NB_NODES: 15
0 IN 1 8 4 0.500000 4 0
1 IN 2 5 8 0.500000 3 0
2 IN 3 4 10 0.500000 2 0
3 LN -1 -1 -1 -1.000000 1 0
4 LN -1 -1 -1 -1.000000 1 0
5 IN 6 7 0 0.500000 2 0
6 LN -1 -1 -1 -1.000000 1 0
7 LN -1 -1 -1 -1.000000 1 0
8 IN 9 12 8 0.500000 3 1
9 IN 10 11 5 0.500000 2 1
10 LN -1 -1 -1 -1.000000 1 1
11 LN -1 -1 -1 -1.000000 1 1
12 IN 13 14 1 0.500000 2 0
13 LN -1 -1 -1 -1.000000 1 0
14 LN -1 -1 -1 -1.000000 1 1

[TREE 4]
NB_NODES: 15
0 IN 1 8 3 0.500000 4 0
1 IN 2 5 6 0.500000 3 0
2 IN 3 4 9 0.500000 2 1
3 LN -1 -1 -1 -1.000000 1 1
4 LN -1 -1 -1 -1.000000 1 0
5 IN 6 7 7 0.500000 2 0
6 LN -1 -1 -1 -1.000000 1 1
7 LN -1 -1 -1 -1.000000 1 0
8 IN 9 12 6 0.500000 3 1
9 IN 10 11 0 0.500000 2 1
10 LN -1 -1 -1 -1.000000 1 1
11 LN -1 -1 -1 -1.000000 1 0
12 IN 13 14 11 0.500000 2 1
13 LN -1 -1 -1 -1.000000 1 0
14 LN -1 -1 -1 -1.000000 1 1

[TREE 5]
NB_NODES: 15
0 IN 1 8 7 0.500000 4 0
1 IN 2 5 0 0.500000 3 1
2 IN 3 4 9 0.500000 2 1
3 LN -1 -1 -1 -1.000000 1 1
4 LN -1 -1 -1 -1.000000 1 1
5 IN 6 7 9 0.500000 2 1
6 LN -1 -1 -1 -1.000000 1 1
7 LN -1 -1 -1 -1.000000 1 0
8 IN 9 12 9 0.500000 3 0
9 IN 10 11 4 0.500000 2 0
10 LN -1 -1 -1 -1.000000 1 0
11 LN -1 -1 -1 -1.000000 1 0
12 IN 13 14 2 0.500000 2 0
13 LN -1 -1 -1 -1.000000 1 0
14 LN -1 -1 -1 -1.000000 1 0

[TREE 6]
NB_NODES: 15
0 IN 1 8 11 0.500000 4 0
1 IN 2 5 7 0.500000 3 0
2 IN 3 4 1 0.500000 2 1
3 LN -1 -1 -1 -1.000000 1 1
4 LN -1 -1 -1 -1.000000 1 1
5 IN 6 7 3 0.500000 2 0
6 LN -1 -1 -1 -1.000000 1 0
7 LN -1 -1 -1 -1.000000 1 0
8 IN 9 12 6 0.500000 3 1
9 IN 10 11 0 0.500000 2 1
10 LN -1 -1 -1 -1.000000 1 1
11 LN -1 -1 -1 -1.000000 1 1
12 IN 13 14 7 0.500000 2 1
13 LN -1 -1 -1 -1.000000 1 1
14 LN -1 -1 -1 -1.000000 1 1

[TREE 7]
NB_NODES: 15
0 IN 1 8 4 0.500000 4 0
1 IN 2 5 9 0.500000 3 0
2 IN 3 4 11 0.500000 2 0
3 LN -1 -1 -1 -1.000000 1 0
4 LN -1 -1 -1 -1.000000 1 1
5 IN 6 7 0 0.500000 2 0
6 LN -1 -1 -1 -1.000000 1 0
7 LN -1 -1 -1 -1.000000 1 0
8 IN 9 12 5 0.500000 3 0
9 IN 10 11 10 0.500000 2 1
10 LN -1 -1 -1 -1.000000 1 1
11 LN -1 -1 -1 -1.000000 1 1
12 IN 13 14 0 0.500000 2 0
13 LN -1 -1 -1 -1.000000 1 1
14 LN -1 -1 -1 -1.000000 1 0

[TREE 8]
NB_NODES: 15
0 IN 1 8 7 0.500000 4 0
1 IN 2 5 6 0.500000 3 1
2 IN 3 4 10 0.500000 2 1
3 LN -1 -1 -1 -1.000000 1 1
4 LN -1 -1 -1 -1.000000 1 1
5 IN 6 7 8 0.500000 2 1
6 LN -1 -1 -1 -1.000000 1 1
7 LN -1 -1 -1 -1.000000 1 0
8 IN 9 12 11 0.500000 3 0
9 IN 10 11 8 0.500000 2 0
10 LN -1 -1 -1 -1.000000 1 0
11 LN -1 -1 -1 -1.000000 1 0
12 IN 13 14 0 0.500000 2 1
13 LN -1 -1 -1 -1.000000 1 1
14 LN -1 -1 -1 -1.000000 1 1

[TREE 9]
NB_NODES: 13
0 IN 1 6 6 0.500000 4 0
1 IN 2 5 8 0.500000 3 1
2 IN 3 4 11 0.500000 2 1
3 LN -1 -1 -1 -1.000000 1 1
4 LN -1 -1 -1 -1.000000 1 1
5 LN -1 -1 -1 -1.000000 1 1
6 IN 7 10 7 0.500000 3 0
7 IN 8 9 0 0.500000 2 1
8 LN -1 -1 -1 -1.000000 1 1
9 LN -1 -1 -1 -1.000000 1 0
10 IN 11 12 4 0.500000 2 0
11 LN -1 -1 -1 -1.000000 1 0
12 LN -1 -1 -1 -1.000000 1 0

